107904
256288
254764
32559
238461
253612
133717
38343
196513
209143
176396
264
251491
9857
247620
12135
242598
134115
274194
39791
28009
205324
64488
188407
258207
192193
253888
192376
68124
144697
10333
112309
182783
202094
115049
166987
21401
216110
114587
24110
195118
28348
28482
70895
180225
68973
256339
263028
124502
152352
268368
227139
157451
140381
259469
104673
98922
266820
215201
222734
263758
78484
271766
176204
139617
33293
153420
140493
236082
46173
27092
215923
214597
231634
59403
2661
248196
60901
245737
84364
120547
143690
4149
34223
49079
57467
171909
151428
240694
180078
19411
192502
187464
101666
62649
103652
80698
24349
234592
248942
99442
250922
162964
25253
77477
250528
208136
218978
263769
24457
109643
59804
197305
31993
157052
127231
109918
102425
228529
265830
122090
146550
96938
230682
67715
271539
232348
75417
78314
99701
130125
256575
147690
78584
86385
29098
9718
89608
10575
139541
13783
120728
266885
215477
146872
148216
257315
563
198609
66994
233466
59086
209467
3881
104829
170155
272749
146421
206009
271335
115584
66958
189170
231246
125896
268302
85316
270578
73557
240787
134793
80894
227760
142906
53924
274978
225926
61788
38920
11503
264457
259073
231156
138009
107851
146743
214043
153786
242520
81024
268406
193886
99752
219699
72818
127910
218843
213624
13109
110190
182417
164706
116447
141129
213142
60211
63789
193112
159942
245308
100604
56
44512
17342
66018
211340
218306
222181
156169
186078
151359
218612
195989
148599
90372
51468
150648
242956
233406
185832
226741
250765
191048
164370
209866
177848
270111
60456
133762
146559
188754
14964
183162
259540
275536
252658
261873
90514
252603
52529
193667
237632
18123
238653
146883
146988
5817
20090
148405
137421
228426
93537
53563
2101
112106
228659
63572
183222
58244
51184
200931
136213
127774
230788
53404
91641
132739
260052
191052
250304
201378
157511
246916
94740
103882
111626
125116
116207
167926
137379
146584
263880
175113
261269
275817
169825
239237
230055
100662
104076
74960
64583
145437
202773
132927
133238
171840
4101
254024
17502
147726
227472
148045
39851
141444
101523
127210
191473
10530
134871
133727
215917
228946
206204
151870
62300
273506
87396
43549
267411
255488
31660
76307
146558
158038
142796
150339
180210
276895
252852
164391
21665
71493
43553
176513
224944
210410
166180
83369
100430
106053
109505
57998
155084
274687
21357
33513
172630
3969
271135
187129
10914
66519
183681
211142
131310
262450
34916
69247
35473
21012
52103
253643
251035
252698
18828
206263
22130
269347
85516
230840
39893
108409
244578
227743
165553
244099
204334
7031
129166
262683
3319
130311
135810
65901
117190
105990
54378
137672
193012
93493
106136
244254
264592
29809
126861
53767
268809
141981
83061
218502
168075
48653
113286
196508
223256
38157
56902
12239
272771
273343
6315
97684
70439
240112
88080
154241
93226
66134
134102
70692
145466
180768
152938
205610
93332
153879
209242
170391
72727
216659
173584
195430
252939
275804
124139
159397
16389
153878
2256
264788
162420
100954
42044
193045
146543
73054
206504
265010
132067
249485
71884
55056
138581
62961
99488
70432
142705
173421
26555
225391
232453
73582
46749
264514
96082
25252
117937
256091
219977
61250
48261
110293
55236
69627
91775
37422
6742
55476
174308
248600
9231
95237
181230
236412
17139
218939
143228
13466
248749
