0380792478
1569314063
0887621430
0151003572
009144120X
0689505868
0226791548
0887306349
0452283914
0819128600
8401499542
1569319464
0394839358
0732268958
158663240X
0425141012
9029535946
0800753569
0800713184
0446675318
0140444335
059098294X
2070416208
074342803X
0684167239
0517884410
0691015589
0151778779
0440211158
0765199785
0425095339
0879975652
0385502761
0310270626
0445405678
0192834665
0805238530
0879757299
059093936X
1573440825
0441000703
0671038710
0026284707
0816737010
0821732854
0373111401
0156454890
061813932X
1574270907
0027824721
1558171193
0345443268
0553528238
013656562X
2070408019
0786865962
193174226X
0553290274
0786905204
0786860510
0151003084
0553581953
080943752X
1580083986
0743456637
0425071898
0671537555
0803269072
0394469119
0517571072
0399151060
0441908667
0571194729
0671002074
0764565192
0679733094
0394502523
0889711844
0330397931
0684860805
088184389X
3442359422
0590434411
0151006989
0805004793
0786931205
086442275X
0345382536
0373119550
184164093X
0201622394
359612669X
0374505926
0684822415
0965863905
0806517956
0553155466
0345375351
034543241X
0425160424
3522173430
0553579754
0439566754
0452270642
0821744593
0671577972
0517548232
0871138204
0312907303
0312955782
0862410681
0805028188
0712683658
0785814892
0553236687
0395825237
1571200290
044041217X
0373030428
1556122489
0887231772
0821769391
1875137750
0877142602
0812544196
8474171156
1551665891
0553091735
0804113874
0571175465
0451150112
0670863734
0151421935
0553276115
1860466850
0394558421
067172942X
0441009743
0515083267
8466312099
0486277852
0394588886
0679834583
0312201729
3404143248
0890878072
0140011722
0345284267
0782125034
0345244907
0143035002
0373118236
0140341625
0385333919
0877959056
0451400186
0874036887
0395454255
0786014881
0307001385
1573450928
0061050660
0671025856
0836262093
3423203471
0140127127
8526003364
0373702620
0373243936
0874062594
096941806X
0877286361
8434809028
0743223896
0449911691
3499232324
0393034437
0374272387
0870441973
1566910242
1555136656
0373031939
0373094493
156731533X
083082250X
0451407083
0738702595
1571892044
0880701900
0671884107
0872167682
096444724X
0307020703
0671637932
0863221432
1882770250
1899235388
0786814624
0752808478
0702221740
0873588126
0020287151
0451458346
0399130713
0020804016
0140133968
0746015380
002914180X
0373764022
0553265733
0586021167
8432069256
0914122002
0590484966
0868401412
0486240630
0451400267
0891490280
067988470X
0486287386
0027657108
0425112152
0743476123
0671020110
1855856093
8401418933
0785702091
0446344990
044920314X
0312242611
0939217449
0670845140
0745920373
0373291175
3458341323
0735614504
0441003095
3453062345
0451409108
1567185096
0749391154
055325247X
0590404881
1556110855
0399134131
0471135488
1558746862
0553264559
0394408667
8430105794
1557552754
0916418839
1410711005
0894806505
0312963378
0531000265
082174447X
1841194689
0671887572
0872862429
2203001046
0385482264
3499196964
084992989X
0137564120
1887317090
0312048580
0373077319
0521642396
0931104505
8432240036
0671796275
0970452519
0380766590
0373118333
0786919019
0830812806
8401499259
0552994936
0679966951
0060974494
044682934X
3453168151
0449244903
0785773428
0373482957
0312018193
0764504533
8804408987
0886778344
0679028498
0590101447
0887306292
0345353730
0840741391
0373512384
3746652839
0446678791
0875426638
0373259514
0140248145
0855617381
0937815489
3423703954
0764508946
902343384X
0766607119
0136903223
0486227944
2070375587
0874067596
0553290991
0805005218
0553217887
0671687131
0517201615
0590315943
0863189911
0385473079
085628002X
0892818328
0689804202
0613262654
3423128704
0743245431
3746612845
0449004414
0672313308
0491027508
2910030660
030723102X
0671759035
1566562481
0688161057
1842124455
0590433938
3442359015
1586481843
0373223234
0310235820
0684841487
0446672157
0553225200
0880707720
039474652X
0312194706
0373441657
0877953597
0684853663
0312058225
0786253401
0737020261
0140179089
0762709308
0060806354
3404122690
2253014923
0373270356
0967303575
1569472173
0552144266
071193083X
1931686351
084395082X
0440179408
067187036X
0553382357
1587410133
034067198X
0964271206
1559702834
1865082643
8423920038
0618012710
0436279711
037580417X
340414743X
0671330608
0373822626
0866222863
8420632856
0312270712
0723215111
0671882589
0340795050
0091663407
0771041837
0394726405
156025517X
0525095772
0449143295
0553294679
0027264653
014018998X
0380802805
0684848171
0515121843
0684870185
0870407570
0765301180
0486239101
0517709899
0425171299
068480090X
3404612388
0814614760
0373123965
2881823610
0373511795
0789711184
0140511687
0440207495
0373621035
1885203543
0060969741
0440484332
037570289X
0345453549
089281750X
1573182222
0415158044
0679886885
0345449711
0060522321
0425042723
0821752731
0789709619
1594260265
0684836289
0800849000
0140062920
0515102474
0340775270
1556704895
0821772864
0553575406
0425181626
0671046888
0140319980
1885171404
0821720198
0812966678
0333647688
0890878498
0060166231
084392389X
0099436922
0140124527
0373110316
0889951853
3462028626
3442442796
0140218327
0745910319
2070745724
0671676253
0786002816
0195081382
342312542X
0824983734
0830702768
0723210985
1586638645
0373035519
0441378447
0060197706
014004387X
0892290021
0312315848
3453864824
0942679253
0963784617
0751307041
156718023X
0688213693
0395390389
0815136854
0451183975
0932870589
0393020398
0575048077
0452259614
0613277163
1859670989
0816625751
270731174X
186448523X
0899193145
0590324497
0449139344
0821720090
0553273841
0373096739
038082048X
0675095085
0306804751
0918831865
0373263791
0394715837
0374252904
0471413909
